"","treatment","round","avg_A","sev"
"1",1,1,-0.514309604222222,0.218103270852302
"2",1,2,12.5978984248148,0.325507673469954
"3",1,3,15.4143834371852,0.769448279015151
"4",1,4,14.9586935696667,0.670604697418608
"5",1,5,14.5724485822222,0.527189857066764
"6",2,1,-0.595008323666667,0.114435386780412
"7",2,2,11.6191601052593,0.551088017691747
"8",2,3,16.5766228196667,0.56624812638262
"9",2,4,18.9156127688889,0.420082402140699
"10",2,5,16.5429358196296,0.552994970072127
"11",3,1,-0.858996609777778,0.458719512000092
"12",3,2,11.6542658777407,0.545437826572796
"13",3,3,17.0153176025926,0.457857908253768
"14",3,4,16.5489284164444,0.519613323104281
"15",3,5,14.7346731263333,0.544967640266616
