"","treatment","round","avg_A","sev"
"1",1,1,1.23528033166667,0.428530541594013
"2",1,2,11.774290908,0.813852350949056
"3",1,3,10.6312783512593,0.728744202938482
"4",1,4,8.08605313514815,0.767833513789245
"5",1,5,7.30156550877778,0.664113916244356
"6",2,1,0.445711753222222,0.455821422552235
"7",2,2,12.4802580728889,0.576406284962598
"8",2,3,14.751092363,0.575886721226117
"9",2,4,11.790646530037,0.647901932537495
"10",2,5,8.30907669937037,0.475238042489112
"11",3,1,0.234708862888889,0.547941045936602
"12",3,2,11.8413878446667,0.687526388862208
"13",3,3,14.4244455687037,0.815197317043144
"14",3,4,10.3649185975926,0.649670265625106
"15",3,5,10.5118556259259,0.571696068159952
