"","treatment","round","avg_A","sev"
"1",1,1,2.39067731588889,2.68263696347265
"2",1,2,15.2678587503704,0.363676099840579
"3",1,3,13.4198063795556,1.08620320901873
"4",1,4,8.38803816492593,0.612630310273944
"5",1,5,10.2670189842593,0.864807113799984
"6",2,1,0.313786395,0.718391246608432
"7",2,2,14.9674436357778,0.458912034083396
"8",2,3,17.2242253662963,0.796114250893696
"9",2,4,15.1336661068148,0.736000024471281
"10",2,5,12.9175174812222,0.999109308843074
"11",3,1,0.705597833,0.536287769183623
"12",3,2,15.8141466351852,0.467034745182826
"13",3,3,16.2419833925926,0.725552978635953
"14",3,4,16.6566145722593,0.958459429187933
"15",3,5,13.2262682881111,0.860414921869095
