"","treatment","round","avg_A","sev"
"1",1,1,-0.582356331,0.103182153028106
"2",1,2,12.9871199624444,0.391286380229384
"3",1,3,15.998427552963,0.447110149573108
"4",1,4,16.2475559318519,0.490561785560351
"5",1,5,13.7271488127778,0.5890199864903
"6",2,1,-0.469248609555556,0.145602398467302
"7",2,2,12.5164096463704,0.681146960011734
"8",2,3,17.6799914844444,0.552039025083235
"9",2,4,18.5046222607407,0.477748848294443
"10",2,5,16.7221093623333,0.655564276147634
"11",3,1,-0.646552403333333,0.0942674892126241
"12",3,2,13.8893422701852,0.550419306853325
"13",3,3,16.4633371372222,0.576985550633769
"14",3,4,18.7800738066667,0.511580637332531
"15",3,5,16.1079091765185,0.605212495902646
