"","treatment","round","avg_A","sev"
"1",1,1,-0.628986342555556,0.0693805969502882
"2",1,2,12.4664789747778,0.476913009336796
"3",1,3,14.388924152963,0.47390569340568
"4",1,4,13.7413506482963,0.521645690887734
"5",1,5,11.640852298,0.513191797309746
"6",2,1,-0.644282576333333,0.062874149431758
"7",2,2,10.9228113273333,0.523852110928208
"8",2,3,15.4969956196296,0.475351314316661
"9",2,4,14.764235762963,0.466334172329063
"10",2,5,12.8878949318148,0.521066493264483
"11",3,1,-0.690507476333333,0.0590731160083569
"12",3,2,13.1390299117407,0.381172214360228
"13",3,3,15.519806317037,0.472966081614691
"14",3,4,14.1610454641111,0.623180855954144
"15",3,5,13.8465269738519,0.543411217290758
